1.0
1.0
1.0
1.0
1.0
1.0
1.0
1.0
1.0
1.0
0.9999999999999993
0.9999999999999756
0.9999999999994817
0.9999999999994014
0.9999999999993305
0.9999999999993042
0.9999999999992951
0.999999999999292
0.9999999999992913
0.9999999999992922
0.999999999999296
0.999999999999307
0.9999999999993383
0.999999999999422
0.9999999999994882
0.99999999999998
1.0
1.0
1.0
1.0
1.0
1.0
1.0
1.0
1.0
1.0
1.0
0.9999999999999998
0.9999999999999969
0.999999999999842
0.9999999999929629
0.9999999997551569
0.9999999948156367
0.9999999940120405
0.9999999933027831
0.999999993040081
0.9999999929478205
0.9999999929168334
0.9999999929101876
0.9999999929199213
0.999999992957575
0.9999999930679245
0.9999999933813024
0.9999999942189383
0.9999999948794235
0.9999999998005827
0.9999999999999798
1.0
1.0
1.0
1.0
1.0
0.9999999999999996
0.999999999999994
0.9999999999999921
0.9999999999999915
0.9999999999999912
0.9999999999999861
0.9999999999996857
0.9999999999841142
0.9999999992914776
0.999999975315437
0.9999994762867085
0.9999993951559606
0.9999993235104315
0.9999992969776849
0.999999287659552
0.9999992845299117
0.9999992838587243
0.9999992848417845
0.9999992886447461
0.9999992997898433
0.9999993314408755
0.9999994160574062
0.9999994827285696
0.9999999799040928
0.9999999999979757
0.9999999999999998
1.0
1.0
1.0
0.9999999999999996
0.9999999999999543
0.9999999999993815
0.9999999999991993
0.9999999999991172
0.999999999999109
0.9999999999988676
0.9999999999832331
0.9999999990568788
0.9999999510212341
0.9999979574750703
0.9999461685932601
0.9999383024824678
0.999930959728676
0.9999282815524889
0.9999273422223995
0.9999270267605013
0.9999269591103056
0.9999270582069508
0.9999274415487117
0.9999285650731529
0.9999317607017172
0.9999404616509858
0.9999468129915585
0.9999984473932604
0.9999999998437293
0.9999999999999845
1.0
1.0
1.0
0.9999999999999589
0.9999999999958783
0.9999999999365209
0.9999999999182494
0.999999999909879
0.9999999999093712
0.99999999989991
0.9999999992008076
0.999999950926923
0.9999969503907682
0.999841482721583
0.9944658038899564
0.9937069420155668
0.992953912423353
0.9926836910291617
0.9925890037663706
0.9925572058765403
0.9925503873013014
0.992560376666646
0.9925990177405594
0.9927122740333678
0.9930347628983544
0.9939300289991243
0.9945301656464394
0.9998932732084936
0.9999999892763851
0.9999999999989226
1.0
1.0
0.9999999999999996
0.9999999999963554
0.9999999996349154
0.9999999934846777
0.9999999916523372
0.9999999908006985
0.9999999907657302
0.9999999904816042
0.9999999660740322
0.9999979477573804
0.999841456334776
0.9890535102412398
0.4309496728504495
0.3581646970689777
0.2808861347373763
0.2536335363051262
0.24408903070461951
0.24088387526184182
0.24019662048697732
0.24120359176393122
0.24509862989747508
0.25651501741472016
0.2890421029072286
0.3812183441672625
0.4373677596951441
0.9944774666304363
0.9999994479050638
0.9999999999448065
0.9999999999999944
1.0
0.9999999999999685
0.9999999996861806
0.9999999685543324
0.9999993311834987
0.9999991476404342
0.9999990609457701
0.9999990584453894
0.9999990533483015
0.9999985342635823
0.9999451936771742
0.994463069382831
0.43093376197633276
0.372996526906371
0.293350931617593
0.20821356596767926
0.1782410777552765
0.16774405270592013
0.16421903398043908
0.16346319793944966
0.1645706682930572
0.16885442847613924
0.1814101540824037
0.21718357300958527
0.3187642783995013
0.3800471264771844
0.9938628172818541
0.9999993864048067
0.9999999999386527
0.9999999999999938
1.0
0.9999999999973866
0.9999999740575634
0.9999973991497116
0.9999313334841226
0.9999129709244184
0.9999041415845579
0.9999039733719168
0.9999039651445756
0.9999033504869348
0.9998405975727094
0.9934394657757949
0.34061775747135237
0.27405304126462154
0.16336590246109425
0.0011995702169927797
0.001199369974927419
0.0012035841242414628
0.001209024999569548
0.0012148993159536827
0.0012206275819030901
0.0012257959025562385
0.0012306631542778296
0.0012380473860875696
0.22848609919807428
0.32140101928824666
0.9932842289611787
0.9999993285595662
0.9999999999328695
0.9999999999999933
1.0
0.9999999997976089
0.9999979892072494
0.9997982357840485
0.9929489892747483
0.9911143637279791
0.9902147308812345
0.990206076844762
0.9902060091708208
0.9902053650776124
0.9901341564847875
0.9827837942177118
0.2248076094901061
0.1466392254654533
0.0011989543162324139
0.0011960282819859756
0.001197749491211077
0.001202068832702189
0.0012075451678952203
0.0012134272378352697
0.0012191445961817692
0.0012242702045298587
0.0012290119651661782
0.0012337661700605042
0.19539136861161757
0.28713887132461774
0.9929446035551842
0.9999992946033828
0.9999999999294749
0.9999999999999929
1.0
0.9999999860770713
0.9998614318697335
0.9860721679611394
0.2758517919903298
0.09281818796793709
0.0011085859947688997
0.0011084350055372402
0.0011107034121018411
0.0011156089483178593
0.0011236833555400931
0.0011354045251336922
0.0011483844408572302
0.0011635155115551836
0.0011817246484303672
0.001189137572178902
0.0011948296830852033
0.0012006956768413515
0.001206959016138026
0.0012134195224779588
0.0012195531910044685
0.0012244283021165888
0.001228648335463594
0.0012324482125320104
0.18424763382290285
0.27263314457500937
0.9928005272732403
0.9999992801981615
0.9999999999280343
0.9999999999999929
1.0
0.9999992835116606
0.9928330135302784
0.27599566859932334
0.2021936029380874
0.0011115330026890185
0.0011087515414871997
0.0011086015380551185
0.001110870082637883
0.0011157758428485696
0.0011238505888797599
0.0011355723096335695
0.0011485501899772261
0.001162209406256466
0.0011756094497020432
0.0011852659343675937
0.001193034688963575
0.0012002242401095862
0.0012074750696307909
0.0012150382653184153
0.0012225201487107505
0.0012265413992409784
0.0012300048389377268
0.0012332505944694847
0.18616011095616913
0.27305691225684037
0.9928045817650959
0.9999992806033874
0.999999999928075
0.9999999999999929
1.0
0.9999992592624511
0.9925911355788977
0.2516298812769855
0.17603686835673463
0.0011091802508718094
0.0011075773230656053
0.0011076414110727175
0.0011096917645894836
0.0011140665016005134
0.001121664371529494
0.00113577853093275
0.0011493302398305216
0.001162459140585946
0.00117453529284573
0.0011845801378596974
0.0011931175051195161
0.0012009905327160465
0.0012089780910946755
0.0012180379154890922
0.0012302475292964709
0.001230512204057504
0.0012328789751240173
0.0012356000623055196
0.20472041006315683
0.28696424538749477
0.9929425434083787
0.9999992943970808
0.9999999999294542
0.9999999999999929
1.0
0.9999992509652957
0.9925081581014833
0.24324938753891254
0.16682059615702483
0.0011075385025981778
0.001106027642232983
0.0011059867354965042
0.0011074810529298144
0.0011104264349855197
0.001114254957458897
0.09281563123921292
0.13629876234517221
0.14632169138803033
0.11183795056986552
0.09833019159584165
0.09090934956489774
0.08139663857672562
0.059319393064936304
0.0012516497138747292
0.0012512196524129303
0.20315994396921286
0.2682746514426622
0.20493168199900208
0.2649953912898729
0.31110665288504863
0.9932425841771151
0.9999993244567559
0.9999999999324655
0.9999999999999933
1.0
0.9999992480415845
0.9924789186559595
0.240296262547717
0.1635727537555743
0.0011057778631868545
0.0011042993484060278
0.0011040882928092274
0.0011051109029683803
0.0011071950394781385
0.0011099034209943277
0.1419972677211254
0.21854014971240565
0.25062164325393205
0.9841029911706258
0.9910892481300431
0.9910018966223478
0.982325278223524
0.09332183434248263
0.0012764352534967468
0.0012698931446069313
0.46220084788448407
0.5906029520434636
0.9883489506762044
0.9927562447355547
0.9933051183086565
0.99986940669692
0.9999999868783638
0.9999999999986818
0.9999999999999998
1.0
0.9999992470108602
0.9924686105898632
0.23925516849296635
0.16242775884094213
0.001104061894587927
0.0011025946860503903
0.0011022473531208587
0.0011029704964465171
0.00110463076232411
0.0011069975522095433
0.16972496185891972
0.26709864106684716
0.3113325616077501
0.9931622578781946
0.9998467366587779
0.9998733932855387
0.9961096135390906
0.6170530598300361
0.5785205785573103
0.6536052756063734
0.999991158294388
0.9999959060270768
0.9999999998834486
0.9999999999275625
0.9999999999330501
0.9999998814952948
0.9999999999988034
1.0
1.0
1.0
0.999999246647337
0.9924649750635994
0.23888798746870213
0.1620239323531786
0.0011025242922034024
0.0011010609802546538
0.0011006268222160205
0.0011011839148428013
0.0011026509623192188
0.0011049182838092483
0.18567121130459058
0.2955083528513649
0.34672957604043597
0.9935925374181703
0.9999357134384429
0.9999992465195321
0.992463696912817
0.23875889662431748
0.16188195723620816
0.0011012507280384893
0.0010997887047754088
0.0010993056627901833
0.0010997780421830162
0.0011011615872563722
0.0011034065230361208
0.1949154637782327
0.31208635585579314
0.36737463350454463
0.9937963513177543
0.9999385672874653
0.9999992464764073
0.9924632656270735
0.23871533747142865
0.16183405000362164
0.0011002894660008748
0.0010988278068282886
0.0010983194704114975
0.0010987514230129346
0.0011001012669439125
0.001102347309380084
0.20029413274545527
0.3217571113564214
0.37941972149862024
0.9939148058808825
0.9999397515946731
0.9999992464674742
0.9924631762883392
0.23870631431625353
0.16182412571432384
0.0010996654049120873
0.0010982037495333172
0.0010976831776621666
0.0010980971263197606
0.0010994349839644553
0.0011016878570102072
0.20343271183576075
0.32740542841960035
0.38645559978298843
0.9939839941636851
0.9999404386671837
0.9999992464826561
0.9924633281202507
0.23872164895304984
0.16184099040943628
0.0010993905092618666
0.00109792861149288
0.001097402390196905
0.0010978089688350708
0.0010991437538264322
0.001101403530154981
0.2052745507738484
0.33071830347033365
0.3905803792990443
0.9940245556071504
0.9999408414160199
0.9999992465402786
0.9924639043879424
0.23877985072304972
0.16190500002004937
0.001099470265421603
0.0010980076768775594
0.001097478704710237
0.0010978825279642558
0.001099217474485895
0.0011014827578659271
0.20637491542889133
0.33268614856026296
0.3930225238359288
0.994048575151414
0.9999410800573979
0.999999246709646
0.9924655973778663
0.23895076480420946
0.16209229290983979
0.001099907410865119
0.001098442922591562
0.0010979120420514374
0.0010983148025142631
0.0010996507157741886
0.0011019200123111488
0.20707664412321644
0.3338989249229097
0.3945029636952894
0.994063663115243
0.999941240212459
0.9999992480106642
0.9924778680502266
0.24011596975756302
0.16262483227031274
0.0011007040330651109
0.001099234314831019
0.0010987015139635496
0.0010991037199916843
0.001100440388147609
0.0011027122826568903
0.20764015142445352
0.3347212916898161
0.395438870629114
0.9941281917205417
0.9999424111787507
0.9999999925416163
0.9999261384768173
0.992613007350762
0.9917824835222976
0.9902210913472825
0.990206059603202
0.9902059099451362
0.9902059142775022
0.9902061122418223
0.9902253540357107
0.9922236573906363
0.9934711862962395
0.9941224990322087
0.9998869942086509
0.9999983435920207
0.9999999999274661
0.9999992818316314
0.9999281822184535
0.999919366645336
0.9999042642881882
0.9999039744557431
0.9999039702295978
0.9999039702832506
0.9999039757561866
0.9999043468172086
0.9999236844369599
0.999935933503311
0.9999428484106417
0.9999983633587
0.9999999680266781
0.999999999999288
0.9999999929506297
0.9999992949846042
0.9999992011966057
0.9999990536343087
0.9999990493873715
0.9999990493051237
0.9999990493058744
0.9999990494117987
0.9999990548493749
0.9999992438069271
0.999999365266712
0.9999994388150243
0.9999999786588787
0.9999999994774119
1.0
0.9999999999992882
0.9999999999295186
0.999999999920135
0.9999999999053838
0.9999999999049576
0.9999999999049494
0.9999999999049494
0.9999999999049602
0.9999999999055056
0.9999999999243951
0.9999999999365391
0.9999999999438973
0.9999999999978613
0.9999999999999476
1.0
1.0
0.9999999999999929
0.999999999999992
0.9999999999999905
0.9999999999999905
0.9999999999999905
0.9999999999999905
0.9999999999999905
0.9999999999999905
0.9999999999999925
0.9999999999999936
0.9999999999999944
0.9999999999999998
1.0
1.0
1.0
1.0
1.0
1.0
1.0
1.0
1.0
1.0
1.0
1.0
1.0
1.0
1.0
1.0
1.0
1.0
1.0
1.0
1.0
1.0
1.0
1.0
1.0
1.0
1.0
1.0
1.0
1.0
1.0
